miRNA_id	baseMean	log2FoldChange	lfcSE	stat	pvalue	padj	weight
hsa-mir-105-1_TCAAATGCTCAGACTCCTGTGGT	3.1805969305187	1.20702145093531	0.271551160790725	4.44491361193451	8.79271918939486e-06	0.00150951791936906	1.09183867188497
hsa-mir-184_as_TGGACGGAGAACTGATAAGGG	18.9493712786251	1.09080756331242	0.364620801004043	2.99162187211675	0.00277499748633449	0.0403486658281513	1.07500640354716
hsa-mir-196a-1_TAGGTAGTTTCATGTTGTTG	12.8362522626652	1.08125329703993	0.327629473463325	3.30023207500276	0.000966049060473187	0.0240940075663242	0.94349214671231
hsa-mir-196a-1_TAGGTAGTTTCATGTTGTTGG	389.005760869655	1.039383562217	0.462223038737295	2.24866238830587	0.0245339838465955	0.422247054802464	0.147616296885863
hsa-mir-196a-1_TAGGTAGTTTCATGTTGTTGGGt	117.971401975762	1.16838268189465	0.415298421082355	2.81335690814716	0.0049027201004098	0.235667936725446	0.0804355660481557
hsa-mir-19a_as_TGTGCAAATCTATGCAAcACTGA	13.8774592425758	1.13544250438237	0.314851973302007	3.60627406102758	0.000310625073079282	0.0112098994596384	1.07500640354716
hsa-mir-210_as_ACTGTGCGTGTGACAGCGGCTGA	12.5543482866835	1.31822991488621	0.287763573195039	4.580947825501	4.62873320127652e-06	0.000908847255422625	1.32918840432675
hsa-mir-210_as_CTGTGCGTGTGACAGCGGCTG	19.8912017340643	1.30296776265849	0.319532519074613	4.07773132585056	4.54772747682013e-05	0.00439372833216027	0.896658932211793
hsa-mir-210_as_CTGTGCGTGTGACAGCGGCTGAa	61.3730782342892	1.28883663573201	0.37236159807853	3.46125014604808	0.000537672958386828	0.0217583408001051	0.62965833195395
hsa-mir-210_as_CTGTGCGTGTGACAGCGGCTGAaa	21.4079819249478	1.39462586263664	0.32503900713818	4.29064152919885	1.78157700429794e-05	0.00242728482642884	0.94349214671231
hsa-mir-210_as_CTGTGCGTGTGACAGCGGCTGAaaT	3.55777303579235	1.08633550074178	0.231657739057365	4.68939870155936	2.74009038102504e-06	0.00071843575199346	1.27968816373678
hsa-mir-210_as_CTGTGCGTGTGACAGCGGCTGAat	29.2668086504844	1.67167471086391	0.342412864932864	4.88204411125637	1.04991761463308e-06	0.000543125225664532	0.853787655622589
hsa-mir-210_as_CTGTGCGTGTGACAGCGGCTGAg	3.9189061551751	1.2047307989674	0.231649294587944	5.20066681450668	1.98574801276754e-07	0.000203982405842192	1.19774018809889
hsa-mir-210_as_CTGTGCGTGTGACAGCGGCTGAga	5.14280535744429	1.30620736723601	0.251302385325907	5.19775156746732	2.01713457900253e-07	0.000203982405842192	1.31771924846284
hsa-mir-210_as_CTGTGCGTGTGACAGCGGCTGAT	59.8422267439331	1.27551207378838	0.373426267244413	3.41569992705825	0.000636183095794191	0.0728147639266459	0.0804355660481557
hsa-mir-210_as_CTGTGCGTGTGACAGCGGCTGATt	16.2523119743272	1.37173084136725	0.311964926616401	4.39706750449533	1.09723228173708e-05	0.00244031773414639	0.556521601932142
hsa-mir-210_as_CTGTGCGTGTGACAGCGGCTGt	30.4124421269198	1.33897782576416	0.34187774346616	3.91653990747921	8.98289515002164e-05	0.00654183255421998	0.853787655622589
hsa-mir-210_as_CTGTGCGTGTGACAGCGGCTGt^^aT	6.67414128426441	1.19955709633938	0.27450659394947	4.36986623556371	1.24322668762231e-05	0.00193760620829848	0.94349214671231
hsa-mir-210_as_CTGTGCGTGTGACAGCGGtTGA	12.6682691541532	1.33407971881325	0.292190944534908	4.5657805067736	4.97639258740833e-06	0.00115002818494002	0.94349214671231
hsa-mir-210_as_CTGTGCGTGTGACAGtGGCTGA	31.0002813038527	1.71320201460139	0.336498915359276	5.09125568138081	3.5569999151962e-07	0.000329622190736536	0.896658932211793
hsa-mir-210_as_CTGTGCGTGTGACAGtGGCTGAa	4.8953100665823	1.2134765027027	0.242186540429708	5.01050347616203	5.42878176843394e-07	0.000332150400568243	1.27968816373678
hsa-mir-210_as_CTGTGCGTGTGAtAGCGGCTGA	14.7966281186422	1.34664396444743	0.303573371879804	4.43597525075624	9.16563787645853e-06	0.0015976713471638	0.94349214671231
hsa-mir-210_as_CTGTGtGTGTGACAGCGGCTGA	10.2493861405499	1.43060735733826	0.276620510660433	5.171732760968	2.31933129032388e-07	0.000232268857562183	1.07500640354716
hsa-mir-210_as_tTGTGCGTGTGACAGCGGCTGA	23.9154837642264	1.40789894036115	0.323391035205303	4.35354968781787	1.33950717414114e-05	0.002745650794406	0.556521601932142
hsa-mir-210_as_tTGTGCGTGTGACAGCGGCTGAa	3.72384913724391	1.02683094900098	0.22872944860466	4.48928179237545	7.14637097541068e-06	0.00127904351121812	1.19774018809889
hsa-mir-449a_TGGCAGTGTATTGTTAGCTGGTa	6.33306548916312	1.09157832866735	0.302300287438784	3.61090734618768	0.00030512766127295	0.0107078174470624	1.14409774199616
hsa-mir-7-3_TGGAAGACTAGTGATTTTGTTGT	100.753942978151	1.11510382186393	0.405469831650417	2.75015237835336	0.00595675572652689	0.0743647331406199	0.722384852061645
hsa-mir-767_TGCACCATGGTTGTCTGAGCAT	2.23238454122504	1.10341137279264	0.253456105931159	4.35346139616119	1.3400470150489e-05	0.00185445347621713	1.09183867188497
hsa-mir-9-1_TCTTTGGTTATCTAGtTGTATG	2.48122547092479	1.01156491223829	0.240251050949878	4.21044947873851	2.54863114771354e-05	0.00244031773414639	1.24927298585754
hsa-mir-9-1_as_ATAAAGCTAGATAACtGAAAGT	3.07542246485151	1.00154523253508	0.243587892478522	4.1116379896566	3.92861958912429e-05	0.00344768562830675	1.10891506492478
hsa-mir-9-3_TCTTTGGTTATCTAGCTGTAT	39.1261975336411	1.16563738251802	0.378196796871436	3.0820921598505	0.00205551187445522	0.100231035140581	0.147616296885863
hsa-mir-9-3_TCTTTGGTTATtTAGCTGTATGA	2.9717436377197	1.20875589538669	0.242283453363902	4.98901546351654	6.0687789569322e-07	0.000410126241564364	1.09183867188497
hsa-mir-9-3_TtTTTGGTTATCTAGCTGTAT	3.44030408462833	1.21130543176792	0.257881764195304	4.69713488872578	2.63836223850518e-06	0.000673449064075148	1.37718669829802
hsa-mir-934_TGTCTACTACTGGAGACACTGG	13.4079490040302	1.17012581199468	0.352378832525162	3.3206472806823	0.000898089594917046	0.0205489612538452	1.14409774199616
