miRNA_id	baseMean	log2FoldChange	lfcSE	stat	pvalue	padj	weight
hsa-let-7a-1_TGAGGTAGTAGGTaGTATAGTT	13.0815691766055	-1.20110605227554	0.307371325733758	-3.90767111866488	9.31900379569968e-05	0.00608061850305208	1.00374920429594
hsa-let-7a-1_TGAGGTAGTAGGTgGTATAGT	7.06658882161863	-1.00553774828402	0.260219406416698	-3.86419199909255	0.0001114575285625	0.00675860382723863	1.00374920429594
hsa-let-7a-1_TGAGGTAGTAGGTgGTATAGTT	12.849623797462	-1.00266563334834	0.308527566399342	-3.24984131904291	0.00115469419342762	0.0238798560605463	1.14409774199616
hsa-let-7a-1_TGAGGTAGTAGGTTGTATAGaa	35.0277182630538	-1.02163675188409	0.333752148002556	-3.06106419988124	0.00220551798620113	0.0380220549105082	0.94349214671231
hsa-let-7a-1_TGAGGTAGTAGGTTGTATAGTaT	31.3569008678345	-1.0221541869215	0.331473047037375	-3.0836720996089	0.00204462812918423	0.048905449959849	0.556521601932142
hsa-let-7a-1_TGAGGTAGTAGGTTGTATgGTTaT	11.0126107942545	-1.00125602822304	0.279686669527821	-3.57992045138728	0.000343698821204212	0.0104800124664684	1.32918840432675
hsa-let-7a-1_TGAGGTAGTAtGTTGTATAGTT	22.3663239780747	-1.03145521444155	0.319358084802044	-3.22977642817748	0.00123887054445852	0.0369419018549707	0.556521601932142
hsa-let-7a-3_TGAGGTAGTAGcTTGTATAGTT	21.2867153510049	-1.21161889610628	0.326466977959546	-3.71130612865972	0.000206192558525145	0.0102713451610864	0.853787655622589
hsa-let-7f-1_TGAGGTAGTAGcTTGTATAGTT	25.1441238069618	-1.18356766014872	0.329031641895504	-3.59712413471955	0.000321754952363072	0.0132492397695217	0.853787655622589
hsa-mir-101-1_as_TACAGTACTGTGATAACTGAAa	407.075150815583	-1.05993661784346	0.433939694157037	-2.44258967804841	0.0145823061820679	0.134677620512182	0.62965833195395
hsa-mir-103-2_as_AGaAGCATTGTACAGGGCTATGA	7.93808320779386	-1.00195247417561	0.276982298692731	-3.6173881107367	0.000297590906990986	0.0107078174470624	1.1132929876226
hsa-mir-103-2_as_AGCAGCATTGTACAGGaCTATGA	4.7542330417531	-1.09532941086057	0.238028712297611	-4.60166927043267	4.19118342228701e-06	0.000867917386734935	1.27968816373678
hsa-mir-103-2_as_AGCAGCATTGTACAGGGCTAa	19.2369266497855	-1.17129832103351	0.302153729643114	-3.87649797477918	0.000105970691584283	0.00678831285546647	0.94349214671231
hsa-mir-103-2_as_AGCAGCATTGTACAGGGCTAaa	12.3758545545057	-1.35511003570206	0.278273695314332	-4.86970223387934	1.11766543507677e-06	0.000521772415306961	1.14409774199616
hsa-mir-103-2_as_AGCAGCATTGTACAGGGCTATaA	60.2304263435748	-1.10655052965555	0.365010852382828	-3.03155515084516	0.00243297470179824	0.107756958789511	0.153175320245991
hsa-mir-103-2_as_AGCAGCATTGTACAGGGCTATGAt	159.198108201571	-1.17291645938943	0.408694997547698	-2.86990657196028	0.00410593097483776	0.147139453433131	0.153175320245991
hsa-mir-103-2_as_AGCAGCATTGTACAGGGCTATGc	9.09105586109704	-1.44527406132072	0.288372514043398	-5.01183015349102	5.39147826637951e-07	0.000410126241564364	0.94349214671231
hsa-mir-103-2_as_AGCAGCATTGTACAGGGCTATGtt	27.8153486102613	-1.0691163855545	0.324583163018171	-3.29381344248794	0.000988380743309355	0.0252987919325828	0.896658932211793
hsa-mir-103-2_as_AGCAGCATTGTACgGGGCTATGA	9.72501722314252	-1.07094853342868	0.275985010825345	-3.8804590518375	0.000104259497724806	0.00602846460263753	1.14409774199616
hsa-mir-107_as_AGCAGCATTGTACAGGGCTAaa	13.7452948319036	-1.06646101574649	0.283697031287559	-3.75915465490193	0.000170488430819317	0.00849526613373835	1.00374920429594
hsa-mir-107_as_AGCAGCATTGTACAGGGCTATaA	62.5362824556373	-1.13853564929668	0.35791773374554	-3.18099815111738	0.00146768566295909	0.11640734817221	0.0804355660481557
hsa-mir-107_as_AGCAGCATTGTACAGGGCTATag	16.5891124973663	-1.0017172782526	0.29377336414123	-3.40983016340115	0.000650033452041612	0.0261289637124863	0.556521601932142
hsa-mir-107_as_AGCAGCATTGTACAGGGCTATat	24.1142187256603	-1.2434717476007	0.314764943336023	-3.95047724953681	7.79955118968469e-05	0.00751799113901845	0.556521601932142
hsa-mir-107_as_AGCAGCATTGTACAGGGCTATtA	11.9427273810821	-1.06041253350042	0.274543707364996	-3.86245433806516	0.000112253551480292	0.00678290550242473	1.00374920429594
hsa-mir-125b-1_gCCCTGAGACCCTAACTTGTGA	4.7825225294544	-1.07456953139603	0.237301656614971	-4.52828499692925	5.94643443023924e-06	0.00106726316265872	1.27968816373678
hsa-mir-125b-1_TCCCTGcGACCCTAACTTGTGA	5.82216857980261	-1.01531336859938	0.256691379272201	-3.95538553526071	7.6411326940156e-05	0.00492775931234069	1.19774018809889
hsa-mir-125b-2_TCaCTGAGACCCTAACTTGTGA	7.11679351940528	-1.04371934777323	0.27176547580432	-3.84051485820347	0.000122776540538564	0.00709402899821575	1.00374920429594
hsa-mir-125b-2_TCCCTGAGACCCTAACgTGTGA	2.59814098936302	-1.20547935273547	0.235801569548698	-5.11226178452775	3.18324273404072e-07	0.000245230758410775	1.3152403510782
hsa-mir-125b-2_TgCCTGAGACCCTAACTTGTGA	6.06523813611729	-1.36694186110608	0.27083622918226	-5.04711598309173	4.48529088345945e-07	0.000305647691322285	1.33037821099726
hsa-mir-126_CATTATTACTTTTGGTACGCGa	107.316721727135	-1.23035165941454	0.390474380985489	-3.15091519271853	0.00162759742166724	0.0878854843467731	0.147616296885863
hsa-mir-126_CATTATTACTTTTGGTACGCGC	7.29307529991936	-1.11947259154711	0.259649838577439	-4.311470392897	1.62172491848052e-05	0.00200130583364212	1.14409774199616
hsa-mir-126_as_CGTACCGTGAGTAATAATGCa	7.15647622238796	-1.23967834776125	0.25155948937852	-4.9279729054304	8.30871356309644e-07	0.000476409050724001	1.07288947017004
hsa-mir-126_as_CGTACCGTGAGTAATAATGCaa	3.35922739927072	-1.00135769270602	0.225039581614305	-4.44969585138248	8.59919812782165e-06	0.00150041433892735	1.10891506492478
hsa-mir-126_as_CGTACCGTGAGTAATAATGCGa	162.328998291671	-1.21688896993348	0.403111538917068	-3.01874010652874	0.00253828175871166	0.161726960478902	0.0804355660481557
hsa-mir-126_as_CGTACCGTGAGTAATAATGCGt	120.736861496174	-1.01106009448133	0.392141962246809	-2.57830120675783	0.00992874100321908	0.244367506615126	0.153175320245991
hsa-mir-126_as_TCGTACCGTGAGTAATAATGa	54.8875596358895	-1.03387287918783	0.360720645788078	-2.86613170402014	0.00415521336046927	0.0659616418249206	0.62965833195395
hsa-mir-126_as_TCGTACCGTGAGTAATAATGCa	33.2968724701763	-1.33188090975371	0.335414521687876	-3.97085046601859	7.16165209035453e-05	0.00575637206773621	0.853787655622589
hsa-mir-126_as_TCGTACCGTGAGTAATAATGCaa	3.92078901658711	-1.06295205248471	0.228444137265271	-4.65300648644094	3.27129953277611e-06	0.000855352985902273	1.09183867188497
hsa-mir-126_as_TCGTACCGTGAGTAATAATGCGa	187.181375757425	-1.23782758459882	0.410353849759221	-3.01648829498035	0.00255721090624327	0.0518956471218325	0.62965833195395
hsa-mir-126_as_TCGTACCGTGAGTAATAcTGCG	24.8390709113943	-1.2342355107534	0.342347146509526	-3.60521629386228	0.000311893053712126	0.0121609148020115	0.94349214671231
hsa-mir-130a_as_CAGTGCAATGTTAAAAGGGCATT	146.922085062717	-1.05852787711736	0.398694137660454	-2.6549873126523	0.00793113914515169	0.214445571704949	0.153175320245991
hsa-mir-135a-1_TATGGCTTTTTATTCCTATGTG	9.30156931230403	-1.26822879203974	0.303352478452478	-4.18071017091892	2.90600072525697e-05	0.00305944133874858	1.00374920429594
hsa-mir-135a-1_TATGGCTTTTTATTCCTATGTGA	41.7757932047349	-1.9946460933409	0.381698244854144	-5.22571460631971	1.73483772032986e-07	0.00053287824929201	0.153175320245991
hsa-mir-135a-1_TATGGCTTTTTATTCCTATGTGt	4.07332420622111	-1.22418659936337	0.262337939935141	-4.66644893097061	3.06449766092793e-06	0.000749983454141523	1.27968816373678
hsa-mir-135a-2_as_TGTAGGGATGGAAGCCATGAAA	2.36203453170325	-1.0332753833413	0.225004314870844	-4.59224697061663	4.38499004950672e-06	0.000914092531522216	1.23328338163094
hsa-mir-136_as_CATCATCGTCTCAAATGAGTCT	14.5224128659134	-1.19419841183499	0.302910605839099	-3.94241201468304	8.06662466995891e-05	0.0056501474608281	1.00374920429594
hsa-mir-140_CAGTGGTTTTACCCTATGGTAGt	21.2513323605779	-1.0294860118095	0.324750198392785	-3.1700858595453	0.00152393899661325	0.031016735063912	0.94349214671231
hsa-mir-140_as_ACCACAGGGTAGAACCACGGACAa	4.41546859236174	-1.00464763308787	0.222894428023923	-4.50728015946653	6.56639077017862e-06	0.00113893051322894	1.28972762254365
hsa-mir-140_as_TACCACAGGGTAGAACCcCGGA	7.81193541863846	-1.01837178590559	0.279683492134804	-3.64115800375788	0.000271414493300281	0.0111853672952093	0.94349214671231
hsa-mir-147_as_GTGTGCGGAAATGCTTCTGCT	12.2128841417087	-1.09962530319173	0.297757306028209	-3.69302543020576	0.000221601853308681	0.0100639454959855	0.94349214671231
hsa-mir-148a_as_TCAaTGCACTACAGAACTTTGT	9.83743670951621	-1.10857328990676	0.284874955621175	-3.89143821888272	9.96517649959404e-05	0.00635192647273943	1.00374920429594
hsa-mir-148a_as_TCAGTGCACTACAGAACTgTGT	3.48661753199823	-1.32365535796033	0.252387429708984	-5.24453757259851	1.56674777238445e-07	0.000203982405842192	1.10891506492478
hsa-mir-148a_as_TCAGTGCACTACAGAcCTTTGT	9.26045247472248	-1.08226470085888	0.301744299713142	-3.58669476735022	0.00033489594727348	0.0117163569204141	1.07500640354716
hsa-mir-148a_as_TCAGTGCACTAgAGAACTTTGT	5.14205082147064	-1.09144080809767	0.263415036950734	-4.14342636142598	3.42154971341757e-05	0.00283075385998531	1.31771924846284
hsa-mir-148a_as_TCAGTGCcCTACAGAACTTTGT	9.89093203736179	-1.18358290884824	0.288774300058054	-4.09864350328371	4.15578547108374e-05	0.00396407093549609	0.94349214671231
hsa-mir-148a_as_TgAGTGCACTACAGAACTTTGT	10.9539126896314	-1.16082025144263	0.30010093115685	-3.86809946562917	0.000109686924783282	0.00620825184272716	1.14409774199616
hsa-mir-16-1_TAGCAGtACGTAAATATTGGC	6.24319824445415	-1.02254230842358	0.258168381566783	-3.96075732519191	7.47124319902052e-05	0.00460057854475939	1.33037821099726
hsa-mir-186_CAAAGAATTCTCCTTTTGGGCa	20.8632883018581	-1.07924185747002	0.32352821465598	-3.33585081170623	0.00085038785722023	0.022995476794081	0.896658932211793
hsa-mir-195_TAGCAGCACAGAAATATTGGa	11.7377577560852	-1.01186339133108	0.287362375235687	-3.52121042464649	0.000429581576351756	0.0132492397695217	1.14409774199616
hsa-mir-195_TAGCAGCACAGAAATATTGGCA	225.80007967532	-1.1666627564431	0.414714179548234	-2.81317305743922	0.00490552425691839	0.0722649655311369	0.62965833195395
hsa-mir-195_TAGCAGCACAGAAATATTGGCAa	40.1649020072737	-1.12859191146615	0.348553451415262	-3.23793067285269	0.00120400063212882	0.0725735039796755	0.153175320245991
hsa-mir-195_TAGCAGCACAGAAATATTGGCAt	24.2199238858461	-1.29274010206012	0.323406409584689	-3.99726184685152	6.40794063033389e-05	0.00523820593777677	0.896658932211793
hsa-mir-195_as_CCAATATTGGCTGTGCTGCTCCA	5.90103970170148	-1.13625274264238	0.245288087733566	-4.63231929907901	3.61591901582403e-06	0.000855635194662661	1.14409774199616
hsa-mir-199a-1_as_ACAGTAGTCTGCACATgGGTT	3.4378138599255	-1.01853142323027	0.250314329226305	-4.06900965829018	4.72133903893361e-05	0.00392778864393829	1.09183867188497
hsa-mir-199a-2_CCAGTGTTCAGACTACCTGTTC	28.9859450808531	-1.19252908530656	0.344868054437166	-3.45792853226952	0.000544345764737788	0.0156591373136435	1.07500640354716
hsa-mir-199a-2_CCCAGTGTTCAGACTACCTtTc	6.05211102507505	-1.46214291307199	0.276957837818822	-5.27929783315425	1.29679870914409e-07	0.000203982405842192	1.28972762254365
hsa-mir-199a-2_CCCAGTGTTCAGACTACCTtTTC	4.75079898577562	-1.08654596257128	0.251964126540674	-4.31230420571749	1.61561934375472e-05	0.00189102069413619	1.27968816373678
hsa-mir-199a-2_CCCAGTGTTCAGACTACtTGTTC	117.699674142283	-1.24213015474643	0.40445157855604	-3.07114675922652	0.00213238311857952	0.145938803298287	0.0804355660481557
hsa-mir-199a-2_CCCAGTGTTCAGACTAtCTGTTC	103.513175715559	-1.3706367794991	0.400173236657814	-3.42510856284755	0.000614553798365853	0.0217415554150141	0.722384852061645
hsa-mir-199a-2_CCCAGTGTTCAGACTAttTGTTC	6.83991084687159	-1.055176314639	0.269596163188507	-3.91391443468429	9.0811826954369e-05	0.00568846665524326	1.1132929876226
hsa-mir-199a-2_CCCAGTGTTCAGAtTACCTGTTC	26.4516679736192	-1.58606117540096	0.340266142199455	-4.66123712793986	3.1431433374387e-06	0.00085361169073648	1.07500640354716
hsa-mir-199a-2_CCCAGTGTTtAGACTACCTGTTC	19.9858089205372	-1.01191419693695	0.327120816967117	-3.09339590894539	0.00197879956383046	0.0367631925297188	0.896658932211793
hsa-mir-199a-2_CCCAGTtTTCAGACTACCTGTTC	6.28875308769726	-1.08342857997254	0.260372340642762	-4.1610740115404	3.16754401865151e-05	0.00297865878822605	1.14409774199616
hsa-mir-199a-2_CCCgGTGTTCAGACTACCTGTTC	6.59920004148055	-1.01785735903118	0.268485553022451	-3.7911066259348	0.000149977545568733	0.00751799113901845	1.07288947017004
hsa-mir-199a-2_CtCAGTGTTCAGACTACCTGTTC	112.256973031779	-1.34578370398611	0.406539435027869	-3.31033987857501	0.000931827487350943	0.0273971421520482	0.722384852061645
hsa-mir-199a-2_CtCAGTGTTCAGACTACtTGTTC	6.62132291383507	-1.07207895954568	0.269927603602745	-3.97172777158229	7.1353232211524e-05	0.00523277197329747	1.00374920429594
hsa-mir-199a-2_CtCAGTGTTCAGACTAtCTGTTC	6.38055358073002	-1.19931000174629	0.271041761656978	-4.42481628814124	9.65243892503408e-06	0.00153433409651922	1.07288947017004
hsa-mir-199a-2_tCCAGTGTTCAGACTACCTGTTC	80.5238669292776	-1.35657635203179	0.393904413484521	-3.44392270203669	0.00057333959239323	0.0687835871462575	0.0804355660481557
hsa-mir-199a-2_tCCAGTGTTCAGACTAtCTGTTC	4.85857667285257	-1.20667514868629	0.250512940348419	-4.81681763428277	1.45865887285883e-06	0.00053287824929201	1.27968816373678
hsa-mir-199a-2_ttCAGTGTTCAGACTACCTGTTC	7.48142475815789	-1.28958027129869	0.276438379020181	-4.66498275626391	3.08642919838869e-06	0.000815225142367188	1.14409774199616
hsa-mir-19b-2_as_TGTGCA-ATCCATGCAAAACTG	4.64295560614605	-1.11191479252761	0.242411469773661	-4.58689018950218	4.49897159746146e-06	0.00093769320621614	1.19774018809889
hsa-mir-19b-2_as_TGTGCAAATtCATGCAAAACTG	19.3691826384101	-1.036186460698	0.326780587132535	-3.17089356436508	0.00151970814603012	0.0414581436070492	0.556521601932142
hsa-mir-200a_as_TAACACTGTCTGGTAACGATGTa	24.5698733997078	-1.14907758454777	0.336902148245493	-3.41071611009871	0.000647925146952451	0.0200180151629899	0.853787655622589
hsa-mir-200b_as_TAATgCTGCCTGGTAATGATG	19.9486368080587	-1.05049991396119	0.316278758634806	-3.32143681888595	0.000895552557619781	0.022995476794081	0.94349214671231
hsa-mir-205_cCCTTCATTCCACCGGAGTCTG	3.45471588168166	-1.07778057853326	0.217824805337139	-4.94792398352023	7.50091894583102e-07	0.000455136727574765	1.09183867188497
hsa-mir-205_CCTTCATTCCACCGGAGTCTGT	5.68006816478418	-1.0848920280695	0.249567313303295	-4.34709182749045	1.37954473188748e-05	0.00166973815879509	1.31771924846284
hsa-mir-205_CTTCATTCCACCGGAGTCTG	7.955581553989	-1.05833621848359	0.274755941278441	-3.85191386056712	0.000117198252126463	0.00710846091949182	0.94349214671231
hsa-mir-205_TCCTTCATTCCACCGGAGTC	13.8899749770221	-1.46737579599958	0.305169383772578	-4.80839780799608	1.52144771120142e-06	0.00053287824929201	1.32918840432675
hsa-mir-205_TCCTTCATTCCACCGGAGTCa	6.50510464802842	-1.2210722357962	0.268498801805198	-4.54777536281936	5.42159590664085e-06	0.00110373117515889	1.1132929876226
hsa-mir-205_TCCTTCATTCCACCGGAGTCT	267.386012592867	-1.52519898490996	0.42795953440138	-3.56388598058312	0.000365404727961054	0.054433985685866	0.0804355660481557
hsa-mir-205_TCCTTCATTCCACCGGAGTCTa	4.06337311059264	-1.23777464843404	0.237815219503152	-5.20477474494704	1.94232062785425e-07	0.000203982405842192	1.19774018809889
hsa-mir-205_TCCTTCATTCCACCGGAGTCTGaa	9.25836047967508	-1.3607809828816	0.283928591578301	-4.79268739832538	1.64561935003134e-06	0.000654619014181925	0.94349214671231
hsa-mir-205_TCCTTCATTCCACCGGAGTCTGat	5.99881510761269	-1.14821173474625	0.24926151618694	-4.60645410615699	4.09593407603259e-06	0.000855352985902273	1.33037821099726
hsa-mir-205_TCCTTCATTCCACCGGAGTCTGc	9.49398961080885	-1.47404716060562	0.283601816807618	-5.19759420866314	2.01884232760337e-07	0.000215654895811	1.07500640354716
hsa-mir-205_TCCTTCATTCCACCGGAGTCTGg	8.62589753764794	-1.35146925467379	0.271969022937973	-4.96920288963207	6.72286968731043e-07	0.000455136727574765	1.00374920429594
hsa-mir-205_TCCTTCATTCCACCGGAGTCTGTa	32.1863711132062	-1.43393553560177	0.34246196005605	-4.18713814336367	2.82493899125589e-05	0.00439372833216027	0.556521601932142
hsa-mir-205_TCCTTCATTCCACCGGAGTCTGTaa	3.95016252406164	-1.05599335807839	0.235602531870642	-4.48209681659189	7.39131953211281e-06	0.00129629765068121	1.19774018809889
hsa-mir-205_TCCTTCATTCCACCGGAGTCTGTt	49.0789965007732	-1.26743255626244	0.365659852397851	-3.46615180187576	0.000527965099140017	0.0657665684477095	0.0804355660481557
hsa-mir-205_TCCTTCATTCCACCGGAGTCTGTtT	5.53194764600424	-1.06392230517275	0.257389192271545	-4.1335158472789	3.5725565026103e-05	0.00310491060877406	1.19774018809889
hsa-mir-205_TCCTTCATTCCACCGGAGTCTt	7.07478656499035	-1.745472476572	0.265277779413917	-6.57979149413985	4.71108449048984e-11	3.54639413093782e-07	1.14409774199616
hsa-mir-205_TCCTTCATTCCACCGGAGTCTtT	3.29731622859637	-1.06809803306679	0.226275382276306	-4.72034572352431	2.35444125712022e-06	0.000669038685691901	1.28972762254365
hsa-mir-205_TCCTTCATTCCACCGGAGTtT	6.12865259956068	-1.13049839777886	0.257563055781052	-4.38921022407759	1.1376305608772e-05	0.00153433409651922	1.31771924846284
hsa-mir-205_TCCTTCATTCCACCGGAGTtTGa	5.71371127420661	-1.2270765431831	0.252070835639908	-4.86798300195276	1.12743024812858e-06	0.000521772415306961	1.19774018809889
hsa-mir-205_TCCTTCATTCCACCGGAGTtTGT	12.888855859256	-1.41452330127275	0.300549018743801	-4.70646454673186	2.52049795534192e-06	0.000673449064075148	1.32918840432675
hsa-mir-205_TCCTTCATTCCACCGGAtTCTG	4.16240487170074	-1.19401856794051	0.243038995145057	-4.91286827131535	8.97535820934188e-07	0.000476409050724001	1.19774018809889
hsa-mir-205_TCCTTCATTCCACCGGgGTCTG	4.59235184785985	-1.1602848334001	0.241239361523975	-4.809682906099	1.51169913532717e-06	0.000543503045667625	1.19774018809889
hsa-mir-205_TCCTTCATTCCACCGGgGTCTGT	3.62522645199289	-1.0498241663004	0.223654640356217	-4.69395208893648	2.67976820580501e-06	0.00071843575199346	1.23556381445364
hsa-mir-205_TCCTTCATTCCACtGGAGTCT	6.00363718710893	-1.07391669213349	0.268761361592526	-3.99580016178694	6.44761063431827e-05	0.00460057854475939	1.14409774199616
hsa-mir-205_TCCTTCATTCCACtGGAGTCTG	17.6959437992196	-1.13153187819967	0.3267901423773	-3.46256429269292	0.000535054066106243	0.0154751933329256	1.07500640354716
hsa-mir-205_TCCTTCATTCCACtGGAGTCTGa	18.3542789668214	-1.39459847598467	0.320214327940901	-4.35520323201171	1.32943516744377e-05	0.00200130583364212	0.94349214671231
hsa-mir-205_TCCTTCATTCCACtGGAGTCTGT	15.323435141165	-1.4153889380893	0.311886247052392	-4.5381575861905	5.67478479878946e-06	0.00127904351121812	0.94349214671231
hsa-mir-205_TCCTTCATTCCAtCGGAGTCTG	94.6969581281574	-1.55285782689193	0.388642286557304	-3.99559667232187	6.45315171845383e-05	0.00594104321980034	0.722384852061645
hsa-mir-205_TCCTTCATTCCAtCGGAGTCTGa	30.7400030400401	-1.4492606780269	0.339680723042636	-4.26653789783942	1.98529782915311e-05	0.0034520960382964	0.556521601932142
hsa-mir-205_TCCTTCATTCCAtCGGAGTCTGT	76.4868137352573	-1.36938181956921	0.381423354380822	-3.59018870722318	0.000330438648530729	0.0146453299884031	0.722384852061645
hsa-mir-205_TCCTTCATTCCgCCGGAGTCTG	4.22956207656329	-1.01347430501542	0.229913455494708	-4.40806869191152	1.04296469641749e-05	0.00150041433892735	1.33037821099726
hsa-mir-205_TCCTTCATTCtACCGGAGTCTG	45.5065010558084	-1.42376235268431	0.359549831406466	-3.95984708743965	7.49977697161984e-05	0.00650288770930539	0.722384852061645
hsa-mir-205_TCCTTCATTCtACCGGAGTCTGa	18.5594194167037	-1.2786777125702	0.314364140869445	-4.06750499288414	4.75191907248312e-05	0.00449667629107664	0.896658932211793
hsa-mir-205_TCCTTCATTCtACCGGAGTCTGT	41.1615659076284	-1.2886173115225	0.355352196030153	-3.62631025196521	0.000287499902944865	0.0137106580075483	0.722384852061645
hsa-mir-205_TCCTTCATTCtAtCGGAGTCTG	3.50628586888641	-1.04659420829782	0.234737545428664	-4.4585718334346	8.25075469994303e-06	0.00140941648857744	1.19774018809889
hsa-mir-205_TCCTTCATTtCACCGGAGTCTG	35.5080359773074	-1.34049650177575	0.347881501792027	-3.85331354173911	0.000116530011287105	0.00710846091949182	0.94349214671231
hsa-mir-205_TCCTTCATTtCACCGGAGTCTGa	17.9710122136503	-1.39533516071038	0.316444537436917	-4.40941459129639	1.03650426208345e-05	0.00177780867485273	0.896658932211793
hsa-mir-205_TCCTTCATTtCACCGGAGTCTGT	35.1391848962646	-1.33557644476284	0.350612492903443	-3.80926656007847	0.000139379630498091	0.00724651384430807	1.07500640354716
hsa-mir-205_TCCTTtATTCCACCGGAGTCTG	75.4477875495569	-1.3612229316888	0.379994831983731	-3.5822143279756	0.000340694090603446	0.0528092261238341	0.0804355660481557
hsa-mir-205_TCCTTtATTCCACCGGAGTCTGa	24.5680470210343	-1.22131576541904	0.32651637753286	-3.74044259172308	0.000183696500909371	0.00900465892372116	0.94349214671231
hsa-mir-205_TCCTTtATTCCACCGGAGTCTGT	56.163755080438	-1.13405856197458	0.369019750274394	-3.0731649488444	0.00211801379764158	0.145237560993563	0.0804355660481557
hsa-mir-205_TCtTTCATTCCACCGGAGTCTG	81.5463684474856	-1.46562601057772	0.384154059827463	-3.81520375246323	0.000136070611669817	0.031977874725766	0.0804355660481557
hsa-mir-205_TCtTTCATTCCACCGGAGTCTGa	21.1303032257897	-1.42037735786181	0.321542981676667	-4.41737944474898	9.99047589041044e-06	0.00156940193469139	1.07500640354716
hsa-mir-205_TCtTTCATTCCACCGGAGTCTGT	61.6246009314919	-1.19685012846328	0.371218785919391	-3.22410980764098	0.00126364934553119	0.0324391014930179	0.722384852061645
hsa-mir-205_TtCTTCATTCCACCGGAGTCT	18.5751854356131	-1.19172326794062	0.321346966760894	-3.70852502500002	0.000208470060221212	0.00970890612939291	0.94349214671231
hsa-mir-205_TtCTTCATTCCACCGGAGTCTG	108.226411887311	-1.45190655210844	0.394589389420816	-3.67953774489366	0.000233657105641326	0.0301323457015989	0.153175320245991
hsa-mir-205_TtCTTCATTCCACCGGAGTCTGa	34.9088873435805	-1.31425931762149	0.348783502268048	-3.76812351809993	0.000164479316329634	0.00900465892372116	0.853787655622589
hsa-mir-205_TtCTTCATTCCACCGGAGTCTGT	93.2529612823617	-1.23267539265904	0.389299313906893	-3.16639497842489	0.00154341066674688	0.0360312858853165	0.722384852061645
hsa-mir-205_TtCTTCATTCCAtCGGAGTCTG	6.4960376725876	-1.08083424864018	0.271133799427205	-3.98635010066447	6.70974848650761e-05	0.00462507250643219	1.14409774199616
hsa-mir-205_as_GATTTCAGTGGAGTGAAGTTC	3.77852298124913	-1.05809535303958	0.227113030635435	-4.65889319551219	3.17914086781209e-06	0.000791435988393546	1.23556381445364
hsa-mir-21_aAGCTTATaAGACTGATGTTGA	3.37554891977695	-1.01963796623318	0.256890433089062	-3.9691550750731	7.2127931782043e-05	0.00501277694513125	1.09183867188497
hsa-mir-21_TAGaTTATCAGACTGATGTTG	58.1115055208728	-1.50785383839654	0.279575458207207	-5.39336981888801	6.91484285458267e-08	0.000203982405842192	0.62965833195395
hsa-mir-21_TAGaTTATCAGACTGATGTTGA	580.76423196414	-1.12031471124967	0.283889717466845	-3.94630253341425	7.93673198105543e-05	0.00712959113581595	0.62965833195395
hsa-mir-21_TAGaTTATCAGACTGATGTTGAa	15.7473871873213	-1.11523982239858	0.252206593419499	-4.42192968580952	9.78232938856087e-06	0.00170836847429034	0.896658932211793
hsa-mir-21_TAGaTTATCAGACTGATGTTGAC	325.847696932054	-1.154476379387	0.285284703962819	-4.04675176534338	5.19332634631479e-05	0.00524715884253203	0.722384852061645
hsa-mir-21_TAGaTTATCAGACTGATGTTGACa	17.4187458487988	-1.01555841436298	0.268424658208525	-3.78340209554835	0.00015469919242779	0.00853966342406063	0.896658932211793
hsa-mir-222_as_AGCTACATCTGGCTACTGGGTa	8.31630537123377	-1.104741345324	0.266743024444201	-4.14159413400179	3.44900265146666e-05	0.00315759612664066	1.1132929876226
hsa-mir-222_as_AGCTACATCTGGCTACTGGGTCT	125.761777431753	-1.32011286638387	0.398523527591619	-3.31250923718772	0.000924630725853089	0.0630547922401712	0.153175320245991
hsa-mir-222_as_AGCTACATCTGGCTACTGGGTCTCT	72.2788877775487	-1.00129041161158	0.382103212747188	-2.62047106176538	0.0087808382134122	0.332988546543742	0.0804355660481557
hsa-mir-26a-2_TCAAGTAATCCAGGATAGGCT	43.7180821792269	-1.03742134869512	0.348033259689335	-2.98081094209547	0.00287486215230037	0.121106818854298	0.147616296885863
hsa-mir-26a-2_TgCAAGTAATCCAGGATAGGCT	7.99966600767298	-1.06484427863715	0.275503372981898	-3.86508617702883	0.000111049983487789	0.00675777000059477	1.00374920429594
hsa-mir-26a-2_TTaAAGTAATCCAGGATAGGC	4.96814064527336	-1.05201801553621	0.250718600291925	-4.19601104310288	2.71657007066202e-05	0.00273276703973851	1.14409774199616
hsa-mir-26a-2_TTaAAGTAATCCAGGATAGGCT	13.0212970204975	-1.14425963153603	0.298519164236045	-3.83311950662986	0.000126528445817428	0.00712959113581595	1.00374920429594
hsa-mir-26a-2_TTCAAGaAATCCAGGATAGGCT	7.96226684794151	-1.11675862646094	0.271117890959459	-4.1190886463038	3.80373805983711e-05	0.00336296471351862	1.1132929876226
hsa-mir-26a-2_TTCAAGcAATCCAGGATAGGCT	14.1053224431693	-1.10649829423824	0.294726416837122	-3.75432343701222	0.00017381031164534	0.00795143110846937	1.14409774199616
hsa-mir-26a-2_TTCAAGTAATaCAGGATAGGCT	18.5129469127367	-1.19752849796889	0.307656203887622	-3.89242434521592	9.92474539809636e-05	0.00606968653126511	1.07500640354716
hsa-mir-26a-2_TTCAAGTAATCCAGGAcAGGCT	12.1289429739697	-1.04141012027061	0.281781874292276	-3.69580237510385	0.000219193429976741	0.00962021530359241	1.00374920429594
hsa-mir-26a-2_TTCAAGTAATCCAGGAgAGGCT	4.82224349757912	-1.38304899401123	0.273707178470684	-5.05302419081186	4.34868793678964e-07	0.000305647691322285	1.33037821099726
hsa-mir-26a-2_TTCAAGTAATCCAGGATAaGCT	7.82914407358908	-1.03707101985977	0.255740985747406	-4.05516158009997	5.00996587776801e-05	0.00438644525146392	1.00374920429594
hsa-mir-26a-2_TTCAAGTAATCCAGGATAGcCT	8.23356391231204	-1.07498628832706	0.263348779922476	-4.08198697044854	4.4652300728075e-05	0.00369375898909981	1.14409774199616
hsa-mir-26a-2_TTCAAGTAATCCAGGATAGGa^^aT	11.4758366993291	-1.07385242189234	0.274631846541086	-3.91015257486419	9.2237840409531e-05	0.00517451717701036	1.32918840432675
hsa-mir-26a-2_TTCAAGTAATCCAGGATAGGaa	247.378248802447	-1.28511619137658	0.416825399945118	-3.08310432028802	0.00204853329466351	0.100119242279103	0.147616296885863
hsa-mir-26a-2_TTCAAGTAATCCAGGATAGGCa	414.027579295391	-1.283462128513	0.431832170886173	-2.9721318026843	0.00295739695507254	0.0554386721112928	0.62965833195395
hsa-mir-26a-2_TTCAAGTAATCCAGGATAGGCaa	87.0624418798555	-1.15769581468822	0.373857223247413	-3.09662551022072	0.0019573698020338	0.139130202269743	0.0804355660481557
hsa-mir-26a-2_TTCAAGTAATCCAGGATAGGCat	76.6122224824788	-1.07537852639901	0.369470053525755	-2.91059726258449	0.0036073866980801	0.139346979448468	0.147616296885863
hsa-mir-26a-2_TTCAAGTAATCCAGGATAGGCc	18.3035447083204	-1.11680543567041	0.30079748957886	-3.71281501462669	0.000204966701878245	0.00961954770193886	0.94349214671231
hsa-mir-26a-2_TTCAAGTAATCCAGGATAGGCTa	367.736305935819	-1.07603821275613	0.427539011305097	-2.51681877981482	0.0118419720459517	0.109752722621099	0.722384852061645
hsa-mir-26a-2_TTCAAGTAATCCAGGATAGGCTta	17.5107331675809	-1.03820293420801	0.293718345252468	-3.53468876217322	0.000408255721726644	0.0151663022989674	0.853787655622589
hsa-mir-26a-2_TTCAAGTAATCCAGGATAGtCT	15.1699157077744	-1.11280055514831	0.288532353615856	-3.85676178495347	0.000114899036297897	0.00659873005254118	1.07500640354716
hsa-mir-26a-2_TTCAAGTAATCCAGGcTAGGCT	6.3559923948087	-1.20907890729329	0.261206643073111	-4.62882143068188	3.67752705869667e-06	0.000928070526730284	1.00374920429594
hsa-mir-26a-2_TTCAAGTAATCCcGGATAGGCT	7.15189250394003	-1.20751403903213	0.260218050704738	-4.64039306943493	3.47747083380516e-06	0.000855352985902273	1.14409774199616
hsa-mir-26a-2_TTCAAGTAATCtAGGATAGGCa	49.0107288943603	-1.1195806723303	0.347547856547114	-3.2213712478429	0.00127578770650185	0.0747997667722404	0.153175320245991
hsa-mir-26a-2_TTCAAGTAATCtAGGATAGGCTa	37.0469538689623	-1.06833945070802	0.334583176526411	-3.19304593195434	0.0014078055144408	0.0370308429979307	0.62965833195395
hsa-mir-26a-2_TTCAAGTAATgCAGGATAGGCT	4.69620280235142	-1.1917777763952	0.251676180866443	-4.73536181410682	2.18664650695061e-06	0.000654619014181925	1.27968816373678
hsa-mir-26a-2_TTCAAGTAcTCCAGGATAGGCT	6.7923844339271	-1.24873791485682	0.265138014926002	-4.70976564867673	2.48001782419594e-06	0.00071843575199346	1.14409774199616
hsa-mir-26a-2_TTCAAtTAATCCAGGATAGGCT	9.95033982487728	-1.25678466896759	0.26763436874026	-4.69590163207814	2.65433263846033e-06	0.000740044251711819	1.14409774199616
hsa-mir-26a-2_TTCAgGTAATCCAGGATAGGCT	23.0892853926301	-1.13894311484126	0.312754149615057	-3.64165628575383	0.000270889593582856	0.0103785401507401	1.07500640354716
hsa-mir-26a-2_TTgAAGTAATCCAGGATAGGCT	14.318281173341	-1.12925705178158	0.317355989714495	-3.55832909534024	0.00037322151222592	0.0125370820606985	1.07500640354716
hsa-mir-27a_as_TTCACAGTGGCTAAGTTCCGaa	46.6027870348688	-1.1612223547438	0.331166723001472	-3.50645845155958	0.000454112326185901	0.0608932960550571	0.0804355660481557
hsa-mir-27a_as_TTCACAGTGGCTAAGTTCCGat	21.0096419603717	-1.03113863838004	0.294143319453973	-3.50556538320901	0.000455638574067609	0.0156862176465957	0.896658932211793
hsa-mir-27a_as_TTCACAGTGGCTAAGTTCCGCa	566.431130477746	-1.38883102444668	0.430670578732033	-3.22481054669588	0.00126056057633446	0.0324391014930179	0.722384852061645
hsa-mir-27a_as_TTCACAGTGGCTAAGTTCCGCaa	43.6139962849964	-1.23971144188186	0.345798338731564	-3.58507055421172	0.000336987091676613	0.0366845653313851	0.153175320245991
hsa-mir-27a_as_TTCACAGTGGCTAAGTTCCGCag	10.207386873663	-1.07894049191286	0.261250985352518	-4.12990018183855	3.62920770565989e-05	0.003479307473295	1.00374920429594
hsa-mir-27a_as_TTCACAGTGGCTAAGTTCCGCat	83.0847210711178	-1.37535333048046	0.368086040505939	-3.73649956567226	0.000186599771208584	0.0378048246288242	0.0804355660481557
hsa-mir-27a_as_TTCACAGTGGCTAAGTTCCGCg	9.84315641858814	-1.06289866810299	0.255675760350588	-4.15721328703792	3.22153198344641e-05	0.00299394304932607	1.14409774199616
hsa-mir-27a_as_TTCACAGTGGCTAAGTTCCGCga	9.4627562802911	-1.01299108396643	0.262769133651023	-3.85506117058543	0.000115700695668744	0.00641601669390779	1.14409774199616
hsa-mir-27a_as_TTCACAGTGGCTAAGTTCCGCt	686.935925629008	-1.09622035423834	0.434900617360743	-2.52062266752093	0.011714739850144	0.109158702262145	0.722384852061645
hsa-mir-27a_as_TTCACAGTGGCTAAGTTCCGta	30.8816980843721	-1.16872663503773	0.316691778033912	-3.69042304253499	0.000223881414420943	0.00932914321484017	1.07500640354716
hsa-mir-27a_as_TTCACAGTGGCTAAGTTCCGtt	220.589974202353	-1.00938095285055	0.393352405996782	-2.56609833183227	0.0102849667033634	0.254912633724586	0.147616296885863
hsa-mir-27a_as_TTCACAGTGGCTAAGTTtCGC	99.7223335106834	-1.01745349238521	0.374818667258897	-2.71452193090059	0.00663715056107274	0.0784639435508293	0.722384852061645
hsa-mir-27a_as_TTCACAGTGGCTAAGTTtCGCa	16.7710228296795	-1.02028739946128	0.28757364375131	-3.54791693060582	0.0003882906632059	0.0188666468086853	0.556521601932142
hsa-mir-27a_as_TTCACAGTGGCTAAGTTtCGCt	36.3432548521763	-1.05403986764896	0.324863639148029	-3.24456091920055	0.00117631852804511	0.0270473908044626	0.94349214671231
hsa-mir-27a_as_TTCAtAGTGGCTAAGTTCCGC	59.9672973246914	-1.02117234464874	0.357357006844024	-2.85756911181667	0.00426899657200294	0.153851403318185	0.147616296885863
hsa-mir-27a_as_TTCAtAGTGGCTAAGTTCCGCa	12.4130385966816	-1.32537768593258	0.273970556749939	-4.83766468066966	1.31373527362498e-06	0.000549867461093898	1.00374920429594
hsa-mir-27a_as_TTCAtAGTGGCTAAGTTCCGt	9.77995907028702	-1.00165272017591	0.262803358523294	-3.81141521860396	0.000138173446824993	0.00702984171007068	1.14409774199616
hsa-mir-27a_as_TTtACAGTGGCTAAGTTCCG	29.8096219746143	-1.03005225262664	0.331377661804714	-3.10839374934593	0.00188107269661663	0.0324391014930179	1.07500640354716
hsa-mir-27a_as_TTtACAGTGGCTAAGTTCCGCa	18.9194123847179	-1.28037974838646	0.304613009164673	-4.20329962892128	2.63052011519473e-05	0.00315759612664066	0.853787655622589
hsa-mir-29a_as_TAaCACCATCTGAAATCGGTTA	8.83658361563172	-1.10508843969766	0.261173977351112	-4.23123486844183	2.32411833365793e-05	0.00244031773414639	1.14409774199616
hsa-mir-29a_as_TAGaACCATCTGAAATCGGTT	7.96169802836987	-1.2432238227079	0.270515298714788	-4.59576160244701	4.31171452547461e-06	0.00102766488967668	1.00374920429594
hsa-mir-29a_as_TAGaACCATCTGAAATCGGTTA	8.73311937247866	-1.19474494132138	0.285810632571393	-4.18019767344709	2.91255801450974e-05	0.00282903935273238	1.14409774199616
hsa-mir-29a_as_TAGCACaATCTGAAATCGGTT	6.54490930349457	-1.39892688864296	0.258442311447583	-5.41291741591119	6.20060923078048e-08	0.00016591565265225	1.07288947017004
hsa-mir-29a_as_TAGCACaATCTGAAATCGGTTA	6.0472780617064	-1.46615518145767	0.250857274955781	-5.84457908073867	5.07850742961399e-09	1.42117996691806e-05	1.33037821099726
hsa-mir-29a_as_TAGCACCATCaGAAATCGGTTA	3.56203664460917	-1.08820416532734	0.239574238897934	-4.54224198032806	5.56590993262936e-06	0.00106726316265872	1.19774018809889
hsa-mir-29a_as_TAGCACCATCTGAAATaGGTT	3.78538152501992	-1.06143473135295	0.224445412652153	-4.7291442440749	2.2546815873617e-06	0.000654619014181925	1.28972762254365
hsa-mir-29a_as_TAGCACCATCTGAAATaGGTTA	4.13273268103166	-1.35949170782717	0.232425747553405	-5.84914417674313	4.94108667895156e-09	1.42117996691806e-05	1.19774018809889
hsa-mir-29a_as_TAGCACCATCTGAAATCGGTaA	118.708853568991	-1.12594454929471	0.395936420012423	-2.84375089631658	0.00445858908062336	0.0639286890816919	0.722384852061645
hsa-mir-29a_as_TAGCACCATCTGAAATCGGTaAa	9.71288174524981	-1.10225180752555	0.27514161280686	-4.00612541404015	6.17228852143647e-05	0.00449667629107664	1.14409774199616
hsa-mir-29a_as_TAGCACCATCTGAAATCGGTTAc	7.41202065496725	-1.01962705762725	0.250512756188223	-4.07016023112672	4.69808138924777e-05	0.00438644525146392	0.94349214671231
hsa-mir-29a_as_TAGCACCATCTGAAATCGGTTAT	389.975308230367	-1.13124233442906	0.438822627734927	-2.57790337811018	0.0099401788110967	0.244595481776845	0.153175320245991
hsa-mir-29a_as_TAGCACCATCTGAAATCGGTTc	4.90823610893379	-1.14084866283733	0.235117753750957	-4.85224379969939	1.22072427654152e-06	0.00053287824929201	1.09183867188497
hsa-mir-29a_as_TAGCACCATCTGAAATCGGTTga	8.31512708482017	-1.04213387870386	0.259280288284298	-4.01933323045818	5.83630759906008e-05	0.00448005678601803	1.1132929876226
hsa-mir-29a_as_TAGCACCATCTGAAATCGGTTt	342.915923439556	-1.28451349653642	0.432108655518798	-2.97266319508043	0.00295228216673423	0.175659443212931	0.0804355660481557
hsa-mir-29a_as_TAGCACCATCTGAAATCGGTTta	13.0999173714594	-1.2931699599043	0.290106054465497	-4.45757660000197	8.28914209529647e-06	0.00150041433892735	1.07500640354716
hsa-mir-29a_as_TAGCACCATCTGAAATCGGTTtT	14.4724152978158	-1.28468698511604	0.292760542507391	-4.3881835103636	1.14301314161815e-05	0.00160828698733261	1.14409774199616
hsa-mir-29a_as_TAGCACCATCTGAAATgGGTT	3.03175387271337	-1.1252685408105	0.223550951882866	-5.03361104630907	4.81325784581788e-07	0.000329622190736536	1.19774018809889
hsa-mir-29a_as_TAGCACCATCTGAAATgGGTTA	2.56222204471699	-1.09153840828273	0.223933120489484	-4.8743946670184	1.0914260047323e-06	0.000521772415306961	1.09183867188497
hsa-mir-29a_as_TAGCACCATCTGAAcTCGGTT	5.67484441416959	-1.04871468634692	0.253229293917994	-4.1413640188348	3.45246530187022e-05	0.00283075385998531	1.33037821099726
hsa-mir-29a_as_TAGCACCATCTGAAcTCGGTTA	5.91464598721296	-1.33005908629406	0.251113367630628	-5.29664787997467	1.17947824584649e-07	0.000203982405842192	1.28972762254365
hsa-mir-29a_as_TAGCACCATCTGAcATCGGTT	6.84360930065751	-1.66246405944826	0.2736629012798	-6.07486090249594	1.24095240972745e-09	7.09852127937636e-06	1.00374920429594
hsa-mir-29a_as_TAGCACCATCTGAcATCGGTTA	6.74432469507009	-1.85282897380897	0.269256648221401	-6.88127474678157	5.93193160593776e-12	1.01795868405145e-07	1.00374920429594
hsa-mir-29a_as_TAGCACCATCTGAcATCGGTTAa	2.37731276103473	-1.05321684640548	0.217109092340215	-4.85109506494119	1.2278167449306e-06	0.000521772415306961	1.3152403510782
hsa-mir-29a_as_TAGCACCATCTGAgATCGGTTA	7.84442047250493	-1.1353200890286	0.255519739938442	-4.44317957314027	8.86391256300867e-06	0.00153433409651922	1.00374920429594
hsa-mir-29a_as_TAGCACCATCTGcAATCGGTTA	4.30517878064002	-1.22257295551801	0.232993162057155	-5.24724822275301	1.54387825773131e-07	0.000203982405842192	1.27968816373678
hsa-mir-29a_as_TAGCAtCATCTGAAATCGGTTt	10.9516982792128	-1.00708322308978	0.277675255460912	-3.62683819780096	0.000286912954224135	0.0103785401507401	1.14409774199616
hsa-mir-29a_as_TAtCACCATCTGAAATCGGTTAa	7.71358416197254	-1.00075438625367	0.26355091371607	-3.79719566190466	0.000146342277187223	0.00772716995214283	1.00374920429594
hsa-mir-29a_as_TgGCACCATCTGAAATCGGTTA	11.7584225936493	-1.02332473888302	0.280275009180357	-3.6511451444624	0.000261073636732303	0.0103035092341321	1.07500640354716
hsa-mir-29b-1_as_TAGCACCATTTGAAATCAGTGa	72.7982838185038	-1.07704022178751	0.397855375913167	-2.70711491409526	0.00678707597755303	0.0866945850771961	0.62965833195395
hsa-mir-29b-2_as_TAGCACCATTTGAAATCAGTGa	99.6124701388187	-1.19691581415885	0.365776068017251	-3.27226387622058	0.00106689948854026	0.0693559904641406	0.147616296885863
hsa-mir-29c_as_TAGCACCATTTGAAATCGGTa	31.2163949375946	-1.07902557271816	0.321296919399888	-3.35834397271391	0.000784109736884793	0.0288410303692701	0.556521601932142
hsa-mir-29c_as_TAGCACCATTTGAAATCGGTaA	14.578683210275	-1.37471660820475	0.287610353195833	-4.77978832447908	1.75479850578052e-06	0.000653893438850363	1.07500640354716
hsa-mir-29c_as_TAGCACCATTTGAAATCGGTTAa	217.171405811528	-1.0155265132947	0.409189352067166	-2.4818009270388	0.0130720281974046	0.28796916421882	0.153175320245991
hsa-mir-30a_TGaAAACATCCTCGACTGGAAG	4.95157180056001	-1.0993743775266	0.25210071096593	-4.36085393537496	1.2955583303848e-05	0.0015976713471638	1.31771924846284
hsa-mir-30a_TGgAAACATCCTCGACTGGAAG	4.96845356071912	-1.03747428777628	0.27066787752579	-3.8330159354703	0.000126581750211271	0.00630808492324096	1.28972762254365
hsa-mir-30a_TGTAAAaATCCTCGACTGGAAGC	4.08648783773003	-1.06747651332254	0.2507991037106	-4.25630114912337	2.07836717955478e-05	0.00215175982453122	1.28972762254365
hsa-mir-30a_TGTAAACATCaTCGACTGGAAGC	5.16512911024729	-1.06971179419637	0.243570685731555	-4.39179202120952	1.1242021207741e-05	0.0015976713471638	1.14409774199616
hsa-mir-30a_TGTAAACATCCTCaACTGGAAG	4.45562932913836	-1.05603413392655	0.240353968119121	-4.39366215665377	1.11456982112405e-05	0.00153433409651922	1.28972762254365
hsa-mir-30a_TGTAAACATCCTCaACTGGAAGC	5.04593046277333	-1.11510226846542	0.25271677637809	-4.41245842261423	1.02203425794281e-05	0.00153433409651922	1.14409774199616
hsa-mir-30a_TGTAAACATCCTCGACgGGAAG	2.38255867849484	-1.09729130084422	0.229303158737094	-4.78533007084438	1.70706561788297e-06	0.0005845175208996	1.19774018809889
hsa-mir-30a_TGTAAACATCCTCGACgGGAAGC	2.66206066561901	-1.09527525805539	0.235887226140542	-4.6432156415406	3.43027994916516e-06	0.000815461483340261	1.24927298585754
hsa-mir-30a_TGTAAACATCCTCGACTGaAg	12.1298996637781	-1.20272942428608	0.28845269936084	-4.16958976966108	3.05148405577753e-05	0.00313565772235533	1.00374920429594
hsa-mir-30a_TGTAAACATCCTCGACTGGAAa	298.120223549185	-1.25830837604621	0.425451810988445	-2.95758143119148	0.00310062839635868	0.123625204015579	0.153175320245991
hsa-mir-30a_TGTAAACATCCTCGACTGGAAaa	14.6292451800468	-1.33007275168289	0.308401371133999	-4.31279778942675	1.61201541912432e-05	0.00222017203949458	0.94349214671231
hsa-mir-30a_TGTAAACATCCTCGACTGGAAGa	382.516529666416	-1.19650861776922	0.434907709516827	-2.75117821916405	0.00593813273351348	0.186355418447339	0.147616296885863
hsa-mir-30a_TGTAAACATCCTCGACTGGAAGt	298.069516968959	-1.02613899189638	0.42589251325512	-2.40938490337279	0.0159794354000311	0.323538515542929	0.153175320245991
hsa-mir-30a_TGTAAACATCtTCGACTGGAAa	11.5746900624161	-1.09070689153978	0.293137403616701	-3.72080423065344	0.000198589344824871	0.00903958742595305	1.00374920429594
hsa-mir-30a_TGTAAACATtCTCGACTGGAAa	9.50197352870313	-1.00127743027962	0.27975586644613	-3.57911146957995	0.000344764400022373	0.0114836535554203	1.14409774199616
hsa-mir-30a_TGTAAcCATCCTCGACTGGAAG	5.95659372417927	-1.11009719427692	0.26424075151702	-4.20108248975146	2.65641771718921e-05	0.00272371396184851	1.14409774199616
hsa-mir-30a_TGTAAcCATCCTCGACTGGAAGC	6.48092430797515	-1.11494917990491	0.265883630573426	-4.19337278304919	2.74837236486002e-05	0.00305951555777722	0.94349214671231
hsa-mir-30a_as_CTTTCAGTCGGATGTTTGCA	39.2799286629164	-1.09634155386229	0.354693606434313	-3.09095380907388	0.0019951466823873	0.0451442877572604	0.62965833195395
hsa-mir-30a_as_CTTTCAGTCGGATGTTTGCAa	13.2056861385412	-1.10043051431551	0.298094418067673	-3.6915502190507	0.000222891375193083	0.00900465892372116	1.14409774199616
hsa-mir-30a_as_CTTTCAGTCGGATGTTTGCAG	201.748603249922	-1.02803373423036	0.412120997264779	-2.49449492031068	0.0126136531895671	0.122972356466272	0.62965833195395
hsa-mir-30a_as_CTTTCAGTCGGATGTTTGCAGa	36.3464260867592	-1.21983008798613	0.346725439183853	-3.51814418595145	0.000434576168968223	0.0138710829625913	1.07500640354716
hsa-mir-30a_as_CTTTCAGTCGGATGTTTGCAGCa	44.4166254669713	-1.30806503297037	0.357022583388685	-3.66381594283155	0.000248485375100277	0.0136497835983873	0.62965833195395
hsa-mir-30a_as_CTTTCAGTCGGATGTTTGCAGt	352.394021154055	-1.00868872514732	0.431845142096213	-2.33576490000805	0.0195034979097161	0.371622713643468	0.147616296885863
hsa-mir-30a_as_CTTTCAGTCGGATGTTTGCAGta	14.7336418463338	-1.28996821994921	0.296788164338846	-4.34642743528156	1.38372799741024e-05	0.00191135306959848	1.07500640354716
hsa-mir-30a_as_CTTTCAGTCGGATGTTTGCAGtT	16.7469994292978	-1.03162547558413	0.308832821902517	-3.34040102741981	0.000836574928869738	0.0220708821437831	0.94349214671231
hsa-mir-30a_as_TTTCAGTCGGATGTTTGCAGa	7.224427182838	-1.00280678888712	0.270692044601154	-3.70460384369509	0.000211721360805473	0.00880546323761675	1.14409774199616
hsa-mir-30a_as_TTTCAGTCGGATGTTTGCAGCa	19.5488018372193	-1.35231220601147	0.315928753359799	-4.28043409037661	1.86529124415518e-05	0.00333716555650764	0.556521601932142
hsa-mir-30a_as_TTTCAGTCGGATGTTTGCAGCT	37.2432370640147	-1.158058383501	0.344581434028154	-3.36076836747502	0.000777259799401215	0.0587893921077757	0.147616296885863
hsa-mir-30a_as_TTTCAGTCGGATGTTTGCAGta	10.3985336042048	-1.13404417699449	0.282252200124798	-4.01783999023948	5.87340566174822e-05	0.00442136230192617	1.14409774199616
hsa-mir-30a_as_TTTCAGTCGGATGTTTGCAGtT	30.8888815554302	-1.22871721540147	0.334781935713605	-3.67020165763244	0.000242359192980045	0.0104602019973715	0.94349214671231
hsa-mir-30a_as_TTTCAGTCGGATGTTTGCAGtTt	4.82712596752474	-1.02232137342065	0.23815872804741	-4.29260511173513	1.76588906565789e-05	0.00193760620829848	1.33037821099726
hsa-mir-30c-1_TGTAAACATCCTACACTCTCAGa	90.3884350176056	-1.26643270319417	0.353788610852307	-3.57963106879903	0.000344079637223193	0.0162849117449542	0.62965833195395
hsa-mir-30c-1_TGTAAACATCCTACACTCTCAGC	892.324464506142	-1.12088291530789	0.422978816717211	-2.64997411456016	0.00804979381399961	0.31660057009244	0.0804355660481557
hsa-mir-30c-1_TGTAAACATCCTACACTCTCAGCa	20.6751921214195	-1.13684573482238	0.286856526317143	-3.96311615921023	7.39777640060405e-05	0.00573035425404715	0.896658932211793
hsa-mir-30c-2_TGTAAACATCCTACACTCTCAGC	619.679802854765	-1.00538894421109	0.469989813220148	-2.13917177762352	0.0324217589681854	0.492670807351484	0.147616296885863
hsa-mir-30c-2_TGTAAACATCCTACACTCTCAGCa	13.8620832666633	-1.00442560614677	0.297832274812384	-3.37245386444266	0.00074501566922708	0.0188586185532998	1.07500640354716
hsa-mir-30c-2_TGTAAACATCCTACACTtTCAGC	12.1537143951549	-1.24843388785754	0.296510034027665	-4.21042711742112	2.54888343572693e-05	0.00273276703973851	1.07500640354716
hsa-mir-30c-2_TGTAAACATCCTACAtTCTCAGC	10.9539527763361	-1.12982375862657	0.287365000249056	-3.93166794024103	8.43585341240019e-05	0.00533639746956127	1.14409774199616
hsa-mir-30c-2_TGTAAACATCCTAtACTCTCAGC	23.2166010371511	-1.03523388819983	0.328011586503808	-3.15608939072586	0.00159899847449858	0.031977874725766	0.94349214671231
hsa-mir-30c-2_TGTAAACATCtTACACTCTCAGC	14.3636117650606	-1.06670278615159	0.299953859151498	-3.55622291098055	0.000376224890508206	0.0132492397695217	1.00374920429594
hsa-mir-30c-2_TGTAAACATtCTACACTCTCAGC	15.3647137208107	-1.01215903214719	0.303013649137302	-3.34030838224239	0.000836854080762643	0.0234484485918826	0.853787655622589
hsa-mir-30c-2_as_CTGGGAGAAGGCTGTTTACTC	7.31189910663319	-1.03742426695299	0.271490083305667	-3.82122342857351	0.000132791277606393	0.00710846091949182	1.07288947017004
hsa-mir-30c-2_as_CTGGGAGAAGGCTGTTTACTCT	65.0525371153473	-1.15726892708412	0.388962569923633	-2.97527067273167	0.00292730130943559	0.122141405864195	0.147616296885863
hsa-mir-342_AGGGGTGCTATCTGTGATTGA	24.7227586102344	-1.03370730907699	0.317489608053172	-3.25587761884751	0.00113042464728867	0.0352701372736795	0.556521601932142
hsa-mir-342_as_TCTCACACAGAAATCGCcCCCG	3.14201827512341	-1.05914248978866	0.219027829039234	-4.83565259462505	1.32709522610527e-06	0.000543125225664532	1.09183867188497
hsa-mir-342_as_TCTCACACAGAAATCGCcCCCGT	9.33337002829655	-1.39314486025723	0.29397554148852	-4.73898220648955	2.14794362755474e-06	0.000739891350858428	0.94349214671231
hsa-mir-365-1_as_TAATGCCCCTAAAAATCCTTA	15.4536140215884	-1.04827012933289	0.302626601265366	-3.46390609731524	0.000532392323072232	0.0178420459069171	0.853787655622589
hsa-mir-365-1_as_TAATGCCCCTAAAAATCCTTAa	3.83986702356033	-1.02178780738268	0.223047962705567	-4.5810228212283	4.62707342668148e-06	0.000950615650640921	1.19774018809889
hsa-mir-365-1_as_TAATGCCCCTAAAAATCCTTAT	114.171223585777	-1.21281974733665	0.39339939845303	-3.08292222129937	0.00204978721345187	0.100119242279103	0.147616296885863
hsa-mir-365-1_as_TAATGCCCCTAAAAATCCTTATT	13.5789994317415	-1.27064686810333	0.287063553129147	-4.42636083282812	9.58361625718087e-06	0.00144412122476115	1.32918840432675
hsa-mir-374b_ATATAATACAACCTGCTAAGT	100.475593566811	-1.10416059391135	0.363636407830237	-3.03644126422793	0.00239388743701935	0.109158702262145	0.147616296885863
hsa-mir-455_as_ATGCAGTCCATGGGCATATACAC	6.74179562606097	-1.34375712124766	0.273569086181864	-4.91194798360497	9.01759786046983e-07	0.000521772415306961	0.94349214671231
hsa-mir-455_as_TGCAGTCCATGGGCATATACAC	7.78812563890644	-1.23629258894713	0.287372854801433	-4.30205069230139	1.69224581760592e-05	0.00205465006561842	1.14409774199616
hsa-mir-488_as_TTGAAAGGCTATTTCTTGGTCt	4.7377140117696	-1.11039225372272	0.252167013297524	-4.40340010853284	1.06567363710367e-05	0.00152517997663754	1.28972762254365
hsa-mir-495_as_AAACAAACATGGTGCACTTCTT	4.30133936343663	-1.06336894195725	0.233065965688675	-4.56252348477886	5.05424380435002e-06	0.00106726316265872	1.09183867188497
hsa-mir-497_AGCAGCACACTGTGGTTTGTAC	26.7714498152852	-1.07035319331041	0.338528065139867	-3.16178569380407	0.00156804917859545	0.0422761076654231	0.556521601932142
hsa-mir-497_CAGCAGCACACTGTGGTTTGa	14.7544942129465	-1.16684236760056	0.300049998705804	-3.88882643770526	0.000100730118785735	0.00701956035280335	0.853787655622589
hsa-mir-502_as_AATGCACCTGGGCAAGGATTCA	40.2887201485354	-1.07076943390606	0.35075449004798	-3.05276044722788	0.00226746868965434	0.151456839131772	0.0804355660481557
hsa-mir-625_AGGGGGAAAGTTCTATAGTCCT	8.90658035663852	-1.03044815136178	0.292046543297564	-3.52836962124859	0.000418127865850575	0.0135341947044649	1.07500640354716
hsa-mir-653_TTGAAACAATCTCTACTGAAC	5.47124388377592	-1.01231258241517	0.24760826991455	-4.08836337641116	4.34427281989511e-05	0.00327048508324693	1.33037821099726
hsa-mir-99a_AACCCGTAGATCCGATCTTGTa	19.6077000934852	-1.05355022617987	0.323247442363017	-3.2592685605744	0.0011169987564845	0.0351703245363082	0.556521601932142
hsa-mir-99a_AACCCGTAGATCCGATCTTGTt	6.84599904382372	-1.08031778174697	0.25679031580896	-4.20700359491232	2.58779026496552e-05	0.00272371396184851	1.1132929876226
hsa-mir-99a_AACCCGTAGATtCGATCTTGTG	25.1919852293584	-1.14911984900577	0.336721260655576	-3.41267387384004	0.000643288751881301	0.0192787947467408	0.896658932211793
hsa-mir-99a_AAtCCGTAGATCCGATCTTGTG	31.5466146676386	-1.05250143714719	0.344481564173013	-3.05532007111585	0.00224820454503846	0.0408250218028549	0.853787655622589
